[app/ui]
version = 9.0.0.1
modtime = 1665157730.619128000

[app/launcher]
version = 9.0.0.1
modtime = 1665157730.620341000
